1000000
3000000
2500000
49365107
49365
5024086
4580148
4936549
7976109
7486048
3686211
6663368
5097708
5258827
4798462
0700
4783598
7148410
6979863
7268817
6279178
9597645
9326524
479528
2059010
1200
5858387
8972022
8130587
4562179
7163413
3778185
836551
4518939
6511218
8567453
5298513
4556978
8817511
7885558
8047935
9412051
8183131
10012026
2890579
9689576
8386914
9690082
4817432
2573688
9715455
6372107
9047716
9827044
9086543
9702339
5335973
9471260
5364172
5159205
5586613
5272945
4150118
6863781
7450275
6721966
8913930
7941709
8105702
4299584
4816467
4962955
4581356
3611254
6757031
9801295
9973580
6824046
6910041
6430974
6068492
7084362
5292040
8464777
6983810
8399975
9045245
6833389
9924354
8307620
4495176
6169530
9583817
2590249
6388508
7477049
8001814
5896404
7010748
1938549
7973804
4505523
5580994
4987835
9594476
9107060
8274866
9969670
4484043
4488357
4655304
4326347
3242846
4570515
2935604
5430873
7720705
6247279
3809968
4423393
7345473
647964
7910625
8189992
4555555
359148
5944319
7285722
9921314
1110206
9455207
6440357
5650679
4348273
6858136
5163612
6240673
9592313
7696199
1461038
4614411
8105842
7272822
5696142
5231618
7652251
3132475
3848561
4705149
4403858
9698613
6769273
3995991
1424969
4496257
4321112
9356214
8776109
8855194
7428623
5691478
6524152
3947477
8951926
9590529
4573200
9754053
8719004
5540617
6423839
4581744
6710302
8889332
9859625
4755967
8908962
7435708
7189988
9064855
6821364
9514732
6680548
9872187
5291304
5300507
6512524
4580444
5098126
7644154
9184979
5431712
7528147
7562463
4990183
4474688
4675101
4110756
6049989
5312507
9701697
4399482
6372393
7491394
6207724
4254663
4199877
8979657
7593406
7980790
7897029
6938774
6192067
5791523
7419784
8333550
4915504
9542113
1375549
4420632
5624629
8841535
5120190
6598425
7218073
7651712
4362637
7414890
7940919
8163714
8202920
9595570
9244828
7980775
7971333
4567431
7416722
6040355
4870160
5206993
7113751
5548655
9143727
6389691
7213133
8305202
6159096
2415437
2119975
7127761
4327242
5250875
7470420
7671792
9204012
7382676
6225894
9834748
9475586
4288708
5207625
3494474
6667339
5952771
4448096
7093168
5182501
9063493
8624331
9358748
5325227
5930657
6034642
4299253
1223387
9220964
5181366
6648351
9043289
8961701
8122553
7497777
5553737
8843161
5723550
2912338
8903093
5105471
9363691
8668162
1606114
4914321
6354954
7531632
4245999
7021607
9971544
6547112
4138564
9442809
7078230
8029193
9117065
6186578
7735564
7342068
2953707
7120173
7244030
8306621
5875024
7825647
8767143
8545812
6914183
2840066
9016900
9004542
9777803
4377061
2120034
4570532
9251708
7662017
8272521
5255835
8870141
9904007
6572829
4545542
5463253
6190158
4671142
5568993
7264448
4821030
4436674
5107341
8077827
4576504
6177064
5771814
7611041
8100269
9092076
8751057
5670099
9169090
6489124
5767308
9816607
8857638
8211454
5964042
9809775
9810237
4245767
7135320
4582009
4581873
8765699
7353794
9359059
6627552
8609529
6770727
